ؼ	4
	41
	41
R	43
ڥ	45
ڢ	45
	412
	413
	415
	425
Ѿ	432
	434
	441
	442
	445
	454
֮	454
	4124
	4132
	4134
	4134
	4135
	4153
	4251
	4334
	4352
Ϊ	4354
	4412
	4425
	4444
	4512
	4512
	4513
	4524
	4524
	4534
s	4535
	4535
	4535
	4535
	4544
	41121
	41121
	41252
	41312
	41334
	41335
	41341
	41352
	41354
	41431
	41551
	41552
	41554
	42534
	42534
	43111
	43112
t	43113
֭	44112
͡	44112
	44115
	44115
c	44125
ͷ	44134
	44134
	44134
	44135
	44151
	44153
	44154
	44155
	44212
	44253
	44253
	44512
Ѩ	44534
]	44535
	44535
	44535
ڦ	45112
ڧ	45121
	45124
	45135
д	45151
	45211
	45234
	45245
	45252
ڨ	45252
י	45315
	45315
ѵ	45322
	45434
	45434
Ѷ	45512
	45515
ך	45534
	45534
	411523
	411551
׳	412121
	412512
ױ	412531
	412534
ׯ	413121
	413134
	413234
	413354
	413422
	413432
	413434
	413534
	413534
ߒ	413552
	413553
	414313
	415134
	415251
x	415325
	415334
	415352
	415435
	415531
	425111
\	425112
	425123
	425251
	425521
	425551
	431112
u	431121
	431132
	431134
~	431134
	431234
	431523
	433412
	433422
	433435
ߘ	433452
	433453
	434242
w	435152
@	441112
	441112
A	441115
	441115
B	441121
	441121
	441134
	441252
	441312
	441315
	441315
	441322
C	441354
	441354
	441354
O	441354
ϫ	441354
	441354
	441354
	441415
Ѵ	441512
	441515
	441521
	441525
	441531
	441533
	441544
	442112
	442124
	442134
	442312
	442315
	442354
	442354
æ	442415
	442515
	442515
	443134
	445112
	445124
լ	445315
	445345
^	445515
	445531
	451132
	451152
ک	451345
	451512
ڪ	451515
	451523
	452452
i	452453
G	452511
ګ	452534
	453112
	453235
	453312
	453435
כ	453452
	453454
ũ	453534
	453534
ߕ	453552
	453554
	454153
	455134
Ӆ	4111251
	4111251
	4113544
	4115234
״	4121344
Ķ	4125121
	4125135
	4125152
	4131135
	4131214
	4131234
	4131254
	4131512
	4131523
	4131525
	4131535
	4132345
	4133312
	4133432
	4133445
	4134112
	4134124
H	4134135
	4134152
	4134152
G	4134153
	4134251
	4134333
Ӧ	4134431
	4134454
	4134454
®	4134513
	4134521
	4134544
k	4135345
	4135452
ކ	4135454
	4143112
	4143112
b	4143112
a	4143135
n	4151234
	4151515
	4152511
	4154132
ұ	4154251
	4154544
	4251121
	4251152
	4251234
	4251354
	4252511
	4254134
	4254135
	4254544
Ǽ	4311135
	4311322
	4325135
	4334121
	4334121
	4334132
	4334252
	4334315
	4334354
	4334525
	4334533
	4351523
	4411112
	4411121
F	4411132
G	4411132
	4411135
V	4411154
	4411234
e	4411252
	4411252
D	4411254
	4411255
L	4411344
̭	4411344
Ž	4411345
	4411353
Y	4411354
K	4411354
	4411515
	4411525
a	4411535
Z	4411551
	4411553
b	4412121
ɳ	4412343
	4412511
	4412511
_	4412512
I	4412534
R	4413112
S	4413112
	4413115
	4413134
c	4413215
[	4413235
	4413312
f	4413324
M	4413354
	4413435
N	4413445
	4413452
	4413453
	4413454
	4413455
E	4413515
	4413523
^	4413533
h	4413534
J	4413541
	4413554
û	4413554
	4414124
	4414134
	4414135
P	4414153
	4414354
	4414513
	4414535
	4414535
	4414544
g	4415134
Q	4415134
\	4415211
	4415253
]	4415354
	4415434
W	4415435
T	4415452
	4421121
	4421135
	4421135
	4421154
	4421254
	4421324
	4421344
	4421345
	4421354
	4421515
	4421525
	4422512
	4423112
	4423115
	4423154
	4423312
	4423432
	4423445
	4423452
	4423454
	4423455
	4423512
	4423515
	4423534
	4424124
	4424134
	4424135
	4424535
	4425134
	4425211
	4425452
	4434553
c	4451132
	4451135
	4451234
_	4451344
	4451354
b	4452541
	4453112
d	4453115
a	4453134
	4453435
	4453453
`	4454134
	4454334
	4511534
֤	4512121
ڬ	4512251
ڭ	4512512
	4513134
	4513251
	4513252
	4513515
	4514312
	4523424
	4523453
	4524121
j	4524354
	4524515
k	4524515
l	4524551
	4525111
	4525111
ʶ	4525134
ל	4525251
թ	4531211
	4533124
	4534112
	4534333
ڮ	4535154
	4535511
ߛ	4543452
	4544251
	4551251
ڰ	4552252
گ	4553251
ם	4553254
	4554112
ڱ	4554251
ގ	41121454
	41135422
	41223454
	41251234
	41251521
	41312135
	41313534
	41321251
ҹ	41323544
	41325112
	41325121
	41332124
	41335154
	41335444
	41335515
L	41341115
I	41341121
K	41341124
J	41341124
ű	41341151
	41341153
	41341251
	41341252
	41341315
	41341354
	41341533
	41343211
	41343222
	41343412
	41343452
	41343453
	41344544
	41345435
	41351134
	41353544
	41355112
m	41431125
c	41431132
	41431251
d	41431312
	41431531
	41511112
ä	41525111
	41531554
	41533134
	41533135
	41533422
	41533432
	41533444
@	41533452
	41533453
	41542511
å	41551515
բ	42525112
	42541252
	43111353
Z	43113252
I	43113432
֣	43113452
	43113453
ȯ	43113453
	43113455
K	43122431
o	43123412
p	43123435
	43251112
	43341112
	43341152
	43341234
	43341324
	43341515
	43341525
	43342343
	43343134
	43343235
	43343312
	43343354
	43343432
	43343454
	43343455
	43343534
	43343554
	43344124
	43344134
	43344135
	43344334
	43344334
	43344412
¯	43344513
Ȳ	43345134
	43345211
i	44111234
ĭ	44111234
n	44111234
ǳ	44111534
	44112121
x	44112132
	44112154
	44112211
й	44112215
	44112251
y	44112341
	44112344
	44112512
k	44113251
	44113534
o	44113544
	44114312
	44115534
մ	44121251
	44121513
o	44123435
	44125111
	44125111
	44125111
	44125121
p	44125121
	44125134
r	44125135
s	44125251
	44125341
	44125351
	44131121
u	44131134
z	44131211
	44131525
	44132124
	44132511
	44133124
}	44133544
~	44134312
l	44134333
	44134454
	44135154
	44135234
m	44135234
t	44135251
	44135251
	44135352
w	44135444
	44135515
ע	44141121
	44141431
	44141554
	44143112
Ţ	44144512
	44144534
	44144535
к	44145151
	44145434
Ӿ	44145534
q	44151251
	44151335
	44151335
	44151515
	44151532
	44151554
{	44152252
	44153251
v	44153251
	44153254
	44153544
	44154112
	44154121
	44154251
|	44155453
\	44211234
	44212121
	44212154
@	44212215
	44212251
	44212344
T	44212534
C	44213241
	44213252
	44214312
V	44215534
G	44221251
I	44225111
	44225111
J	44225121
	44225134
]	44225134
U	44225135
O	44225351
	44231121
L	44231134
	44231211
	44232511
	44234454
K	44235154
D	44235251
A	44235515
R	44241554
E	44243112
P	44245434
[	44245534
	44251335
B	44251515
	44251532
F	44253154
	44253251
W	44253254
	44254112
	44254121
	44254251
Q	44255453
q	44325121
	44335112
N	44345252
ѧ	44345521
g	44511134
	44511214
	44511234
	44512134
	44513251
	44513534
	44525111
	44525112
	44525121
	44525151
	44534112
	44534121
	44534252
	44534354
	44534515
ސ	44535454
	44535455
e	44541121
ʵ	44544134
	44545434
f	44551554
ڲ	45111215
ڳ	45111234
	45112154
s	45115422
	45115452
	45115453
ڴ	45121121
ʫ	45121124
ڵ	45121251
	45131344
	45132511
	45134153
ڶ	45134334
	45134412
	45135534
۩	45152152
s	45234112
r	45234112
	45234124
	45234333
w	45234354
t	45234525
	45234544
	45241134
t	45241152
	45242121
r	45242512
	45242535
s	45243121
n	45243134
	45243312
m	45243432
o	45243515
q	45243554
p	45244153
	45311234
ڷ	45312135
	45312251
	45321554
ڸ	45331251
ڹ	45341121
A	45341234
	45351355
	45351554
ѯ	45352511
	45352511
X	45352534
ں	45355112
	45415334
	45431112
	45431234
	45445315
ڻ	45451512
ڼ	45541541
ӆ	411125112
Ӌ	411125112
Ӈ	411125124
Ӊ	411125135
ӊ	411125152
	411213554
	411251234
	412234252
	412234515
	412234521
	412234531
	412354124
	412354134
	412511234
y	412512134
r	412512154
	412512511
	412513534
ͤ	412514512
	412514535
	413121124
	413122154
	413154121
	413212135
	413225111
	413234132
	413234132
	413234252
	413234354
	413234454
ͥ	413312154
	413321234
	413341534
	413411234
	413411353
	413411354
P	413411523
R	413411535
	413413333
	413413432
S	413413434
V	413413454
	413413455
Q	413413512
O	413413515
	413413534
	413413534
	413413554
M	413414334
N	413415134
	413415215
	413425135
	413431112
	413431132
	413525135
	413534121
	413534251
	413534531
	414125234
	414311234
	414311254
f	414311354
k	414312343
	414312511
g	414312512
h	414313115
i	414313132
	414313333
j	414313453
	414313534
e	414313554
	414345252
Y	415325221
	415331252
	415331521
ʩ	415331525
s	415334445
	415354234
Q	415542343
	425121121
	425122111
	425134454
	425251214
	425251251
]	425252515
	425321534
	425354251
	425355112
	425415334
	431113121
f	431113333
	431113432
m	431113554
	431121134
h	431121354
	431121531
	431132454
y	431132534
	431133354
	431134252
	431134454
	431134515
	431134515
v	431234124
w	431234134
	431234134
	431234252
x	431234312
t	431234315
q	431234315
	431234454
r	431234512
	431234521
¦	431234531
s	431234531
u	431234534
ǰ	431251122
	431253511
	431325111
	431523454
	431554554
	432514544
	433412121
	433412344
	433412512
	433412534
	433413251
	433413544
	433415534
	433421251
	433425111
	433425112
x	433425121
	433425134
	433425134
	433425135
	433425251
ը	433431211
k	433431234
	433431525
	433433541
	433434312
	433434454
˸	433435234
	433435444
	433435515
	433441121
	433441554
	433443111
	433444535
	433451532
	433452252
	433453251
	433454121
	433454251
	435152322
	435554444
	441111215
	441111234
	441121121
	441121124
	441121251
	441121315
	441122111
	441122134
	441125111
	441125211
	441125234
	441125351
	441132511
	441132511
	441132521
	441132522
	441134115
	441134334
j	441134454
	441135422
	441143134
	441151234
	441151534
	441153135
	441154121
	441212135
	441212534
	441231252
	441243135
	441251153
	441251214
	441251221
	441251251
	441251341
	441252511
	441253422
	441311234
ϴ	441312135
	441312154
	441312251
	441321344
	441321534
	441321554
	441325111
	441325113
	441325221
	441331251
	441332112
	441333534
	441335414
	441341121
	441341154
Ǣ	441341251
	441341534
	441342511
Ⱦ	441351234
	441351354
	441351355
	441352511
	441353452
	441354152
	441354251
	441354251
	441355112
t	441411215
	441413234
	441413422
	441413432
	441413434
	441414313
	441431112
	441431132
	441431134
	441431234
	441434242
	441445531
	441451512
	441453112
Ũ	441453534
	441511112
	441511124
	441511534
	441513444
	441525341
	441531251
	441543112
b	442111215
p	442112154
	442115453
	442121124
_	442121251
`	442121335
}	442122415
	442125111
j	442125351
a	442125441
	442131344
s	442132121
m	442134115
	442134334
q	442151534
g	442154121
	442243135
	442251251
o	442252511
	442252515
	442253422
	442312251
n	442321234
	442325221
v	442325251
w	442341121
ǡ	442341251
t	442341354
f	442341534
x	442345435
i	442351355
	442352511
d	442352511
r	442353452
	442354251
^	442354354
k	442413434
	442413452
y	442431132
	442451512
	442511534
e	442535353
c	442543112
	443134112
g	443251112
	443451234
	443452534
	443452535
	445125111
	445125125
	445132511
k	445135534
	445154121
	445251251
	445312135
	445341132
	445341234
ͻ	445341344
	445341523
	445341525
i	445341534
	445341553
	445343112
	445343134
	445343454
	445354251
j	445431234
	445433454
מ	451113124
	451132534
	451135124
O	451153452
	451154352
	451234341
܊	451251112
	451251251
	451321251
	451325122
	451325251
u	452341134
Є	452341152
Ё	452341254
Ѐ	452342511
z	452342511
{	452342512
	452342534
	452343121
	452343134
|	452343432
	452343445
v	452343453
x	452343454
}	452343515
Ѕ	452343541
Ђ	452343541
y	452344535
	452345134
|	452411234
	452412154
	452412251
v	452413251
u	452413251
	452413544
	452425111
	452425112
ף	452425135
w	452431134
	452431211
y	452432124
ڽ	452432511
	452435154
	452435234
z	452445434
	452451251
x	452453251
	452511134
ھ	453121251
	453123453
	453155414
	453251135
ڿ	453531121
	453535451
˵	454325135
	455342511
	455425112
	455431134
	4111212511
ӓ	4111251112
Ӓ	4111251112
ӏ	4111251121
ӑ	4111251124
Ә	4111251252
Ӛ	4111251315
ә	4111251315
Ӗ	4111251322
ӌ	4111251354
ӎ	4111251354
Ӝ	4111251354
Q	4111251354
@	4111251454
Ӎ	4111251512
ӛ	4111251515
Ӕ	4111251525
ӕ	4111251534
Ӑ	4111251544
	4112134354
ڡ	4112343454
	4112511234
	4115112531
~	4115233534
	4122341234
	4122343112
	4122344544
	4123541234
	4123542534
˥	4125113534
z	4125114544
	4125121354
	4125122511
	4125123422
	4125123453
	4125123534
}	4125125121
	4125125251
	4125145315
	4125152152
	4131211254
	4131213521
ϯ	4131221252
	4131251112
	4131251124
	4131253511
	4131353334
׼	4132411121
	4133411234
	4133434121
֢	4134112121
	4134112211
T	4134112215
	4134112431
	4134112512
	4134112534
Z	4134121251
	4134122111
	4134125111
	4134125111
W	4134125134
	4134131134
	4134131211
ի	4134132522
	4134134333
Ӹ	4134135112
U	4134135154
Y	4134135251
	4134135444
	4134135515
	4134141121
	4134141554
[	4134151335
X	4134151532
	4134153251
ƣ	4134153254
	4134154121
P	4134251214
	4134321122
	4134342511
Ч	4134343134
	4134435112
	4134522554
	4134543534
	4134554234
	4135112251
	4135121251
	4135132534
	4135341234
	4135341554
	4135342534
	4135344544
	4141251234
վ	4143121251
o	4143125115
	4143125122
	4143125135
	4143125152
	4143125153
n	4143134454
l	4143135251
p	4143141431
m	4143144512
	4143454153
	4153311252
	4153311554
	4153313115
	4153313312
	4153313534
	4153313541
	4153343534
	4155425121
R	4155441554
	4252512341
	4253434121
	4253525115
ӝ	4254111251
	4254325135
	4254511534
i	4311133453
l	4311133554
	4311135211
j	4311135215
o	4311214334
	4311214444
	4311214544
ƿ	4311321554
	4311325344
	4311341234
	4311343112
ȭ	4311343112
	4311345553
	4312341344
	4312341515
z	4312341535
}	4312342343
	4312343115
	4312343134
{	4312343354
	4312343453
	4312343512
|	4312343533
~	4312344135
	4312344412
	4312344513
	4312345134
	4312345152
	4312345211
	4312345215
	4313425221
	4315112234
˷	4315233511
	4315233534
	4325111252
	4334112154
	4334121121
	4334121315
	4334122134
D	4334122134
O	4334122354
B	4334123424
@	4334125111
G	4334125125
C	4334132511
	4334132534
F	4334134334
	4334153135
	4334251214
	4334251251
f	4334251251
	4334251341
	4334312135
P	4334312154
	4334321234
S	4334321554
	4334323512
	4334325221
	4334332112
	4334335414
	4334341121
	4334341154
	4334341251
	4334341534
	4334354251
	4334413434
	4334415334
	4334431112
H	4334431134
	4334433422
	4334433445
۰	4334433452
E	4334445315
	4334513444
	4351145252
	4351523454
	4411113124
	4411213234
	4411213312
	4411213521
	4411214535
]	4411222121
E	4411224153
	4411224553
	4411225125
	4411234333
	4411241344
	4411245521
	4411251124
	4411251134
	4411251234
	4411251251
	4411251431
	4411253511
	4411311534
	4411343434
	4411353334
	4411431234
	4411512454
	4411542511
	4411555121
	4412121233
C	4412343454
	4412343531
	4412432511
	4412511112
	4412511121
	4412511121
	4412511134
	4412511134
	4412511135
	4412511211
	4412511521
	4412512115
	4412512134
	4412512341
	4412512511
	4412512534
	4412512534
	4412515215
	4412523445
	4412534251
	4413121251
	4413123422
	4413151534
	4413155414
	4413212134
	4413223134
	4413241431
	4413312121
|	4413312252
Ϳ	4413411234
	4413413252
	4413425135
ԡ	4413434251
	4413443124
	4413443521
	4413443531
	4413445251
	4413525134
	4413525135
	4413541112
	4413541234
	4413541333
	4414125152
	4414154325
	4414251121
	4414252511
	4414325135
	4414351523
	4414422512
	4414451135
	4414451234
	4414451344
	4414451354
	4414453112
	4414511534
	4414513134
	4414534112
	4415113251
	4415114554
	4415133115
	4415153154
	4415334334
ɬ	4415342121
	4415344544
ӿ	4415425112
	4415431134
	4415434354
	4421132534
	4421245521
	4421251124
	4421251234
	4421251251
	4421343434
	4421535121
	4422254121
	4422432511
	4422511112
	4422511121
	4422511134
	4422511135
	4422511211
	4422512341
	4422512511
	4422515134
	4422515215
	4423121251
	4423123422
	4423155414
	4423411234
	4423413252
	4423425135
	4423525135
	4424125152
	4424134251
	4424254134
	4424325135
	4424351523
	4424433452
	4424511534
~	4425425112
	4425434354
	4431343112
`	4434535451
	4451112251
t	4451135531
n	4451213521
	4451222535
h	4451225125
	4451311534
	4451353334
	4452432511
p	4452511234
r	4452511235
	4452511531
m	4452513251
	4453212134
o	4453231211
	4453412115
	4453412534
	4453425111
խ	4453431211
q	4453431234
	4453433544
	4453434251
	4453435352
	4453435451
	4453435515
	4453452252
	4453455453
	4453545522
	4454143112
l	4455113251
	4455311234
s	4455443252
	4511212511
	4511352154
	4511353334
	4511543511
D	4511543534
	4512132511
	4512211154
	4512211154
ŵ	4512213251
	4512341234
	4512544134
	4513325251
	4513354354
	4513413534
A	4513511112
	4513533434
ڣ	4513533434
	4513541541
	4521112111
	4523411234
Р	4523412154
К	4523412215
Ў	4523412512
Њ	4523413121
Л	4523413251
Г	4523413544
П	4523421251
Ѝ	4523425111
̻	4523425111
	4523425121
Й	4523425211
З	4523431134
A	4523431234
Б	4523431525
Е	4523432124
В	4523432511
А	4523434333
Ї	4523434454
Д	4523435154
Н	4523435251
	4523435515
О	4523441554
	4523443112
Џ	4523444534
І	4523444535
Ћ	4523445434
М	4523452252
Ќ	4523453251
	4523453254
B	4523453544
Љ	4523455453
	4524121251
	4524154121
	4524212534
	4524311234
~	4524313534
	4524341251
	4524341534
	4524351355
	4524431112
	4524541541
	4525111234
ڤ	4525114134
	4531234531
	4531251134
˭	4532411121
a	4532411121
	4534454544
	4535121251
ԩ	4535251354
	4535321511
	4541251234
׻	4541251521
	4541343412
̸	4543344334
	4544525111
ן	4544525112
	41111341134
P	41112511132
I	41112511354
n	41112511515
Ӡ	41112511523
R	41112511525
J	41112512121
N	41112512343
T	41112512512
G	41112512534
S	41112513112
@	41112513134
Ӟ	41112513235
D	41112513312
F	41112513434
C	41112513445
K	41112513452
ӟ	41112513453
A	41112513454
O	41112513554
L	41112514153
H	41112514535
M	41112514544
	41112514544
E	41112515134
U	41112515134
B	41112515152
	41125221121
	41131251534
{	41221125251
	41223435451
	41251453115
	41251521354
	41251524444
И	41311343534
	41312134354
	41312212511
	41312213434
	41312214444
	41312215134
	41312215422
	41312225121
	41312341234
	41313425115
	41313434234
	41315132534
	41332151134
	41332511312
	41334541234
	41341121124
	41341122431
_	41341132511
	41341151534
b	41341154121
	41341212135
\	41341251214
]	41341251251
`	41341252511
a	41341331121
Ȭ	41341341121
a	41341354354
^	41341415334
	41341431112
	41341511534
	41342511135
Ж	41342513534
	41343211234
	41343435451
	41344511534
{	41344511534
	41345115452
	41351124134
ӹ	41351125112
¹	41352211535
	41353425221
	41353431234
Ј	41355153534
q	41431132511
	41431251112
	41431251135
b	41431331121
[	41431353334
x	41431355112
	41431541541
	41432512251
	41432534251
M	41525113511
	41533131121
	41533131134
	41533134454
	41533151335
	41533152134
	41533153254
	41534153121
	41534154325
	41535111121
N	41542511454
@	41542513534
	41545233534
S	41554313534
	41554413412
	41554453112
^	42512132511
	42512511534
	42513425115
	42525112511
	42532151135
	42534434554
	42535152511
	42535321511
	42541533444
	42543251112
	43111325111
	43111334454
	43111335154
q	43111344512
	43111354121
	43112125221
k	43112145534
p	43112151532
	43113425111
	43123411234
	43123412211
	43123413153
ճ	43123421251
	43123425111
	43123425121
	43123425121
	43123431525
	43123432511
	43123435351
	43123441431
	43123453312
	43125112253
	43251211251
	43251212511
	43251353134
	43252343134
Z	43341213234
x	43341222534
M	43341251124
	43341251251
T	43341353334
N	43341555121
^	43342432511
	43342511112
e	43342512341
]	43342512511
K	43342534251
\	43343121251
Q	43343155414
ϩ	43343413252
W	43343434251
J	43343443521
	43343445251
g	43343522511
	43343525134
	43343541112
V	43343541333
	43344254544
U	43344334121
b	43344351523
	43344451135
R	43344511534
h	43345135251
a	43345434354
A	44111134112
	44111212511
[	44111212521
	44111212534
E	44111225221
	44111342444
	44112111534
	44112132511
G	44112134121
R	44112134354
	44112135451
	44112143112
	44112211134
z	44112212512
c	44112213251
~	44112225121
	44112225134
F	44112251111
	44112341234
	44112343312
	44112343454
	44112511234
M	44112511534
	44112544134
	44113121121
`	44113412132
j	44113412512
	44113425115
Z	44113434234
	44113533434
D	44115112531
	44115151234
	44115213312
\	44115341534
d	44121112111
	44121123454
h	44121212343
i	44121214134
	44121251112
W	44121531535
E	44123431234
	44123433112
	44124325251
	44125111124
B	44125111134
	44125111234
	44125111535
C	44125112511
f	44125113535
b	44125114134
	44125121132
L	44125122134
	44125122511
	44125125115
	44125342511
a	44125342534
u	44125525251
J	44131125222
	44131212211
	44131234531
N	44132151135
	44132411121
_	44132511252
k	44132511312
	44134112251
	44134112431
S	44134125122
	44134132511
Ԩ	44134312342
l	44134431134
	44134433121
	44134434554
Q	44134435112
V	44134454544
K	44135113511
	44135115215
@	44135121251
	44135152511
	44135251211
	44135311252
	44135321511
X	44135334544
F	44135425221
H	44135431234
	44141251234
	44141251521
Һ	44141323544
g	44141343211
	44141343412
	44141431251
	44141431531
	44141533444
U	44141542511
e	44143113222
m	44143113422
	44143113455
	44143122431
	44143344334
	44144511234
	44144512134
	44144525112
	44144525151
	44144534121
	44144535455
P	44144545434
T	44145131234
I	44145131344
	44145341234
	44151111254
	44151124134
	44151312251
	44151325222
	44151335121
	44151352252
	44152413452
	44153254531
	44153441234
	44154134333
	44154545454
O	44155124134
	44155525121
	44211212511
	44211342444
	44211431345
	44212111534
	44212143112
ϧ	44212212511
	44212225134
	44212341234
	44212511534
	44215112531
	44215213312
	44221112111
	44221251112
	44224325251
	44225111134
	44225111234
	44225111535
	44225113533
	44225431415
	44231234521
Ω	44232411121
	44233123534
	44234112431
	44234125122
	44234454544
	44235121251
	44235152511
	44235251521
	44235321511
	44235334544
	44241251234
	44241251521
	44241321251
	44241343412
	44243113455
	44243251112
	44243344334
	44244511234
	44244525151
	44244534121
	44244535455
	44245131344
	44251541554
	44254134333
	44254545454
	44255212534
z	44325111234
w	44345251214
	44345251251
x	44511212511
	44511234252
	44511352154
	44512512134
	44513412512
v	44515112134
	44521123454
	44525151454
	44532132511
y	44532411121
	44534121121
	44534135534
	44534154121
Ҥ	44534311252
	44534341534
	44534413434
u	44534431234
	44534441112
s	44534541234
	44534544544
w	44535251354
	44545434252
ı	45122111234
	45122111345
	45122151234
	45122415325
i	45125111252
	45125125121
	45125431234
	45131534251
	45132513134
	45132515215
	45133134251
_	45135154334
	45152153254
г	45153532511
	45215315151
O	45234121121
K	45234121251
J	45234132511
I	45234132521
L	45234132522
F	45234134115
Q	45234211124
	45234243511
P	45234251341
N	45234311234
	45234321344
G	45234323121
S	45234325221
R	45234332112
	45234341251
H	45234354152
	45234354251
E	45234354354
T	45234451512
	45234511534
M	45234531251
	45241113124
	45241132534
	45241322534
	45242511134
ҕ	45242511135
	45242512341
	45242512534
	45243121251
	45244325135
	45244351523
	45245114554
	45251135345
ν	45251212511
	45251251115
	45341251122
	45344311354
	45352513544
	45413534251
	45414312511
	45414313333
	45414345252
	45431234454
	45451325122
נ	45521342511
^	411125112121
s	411125112154
l	411125112211
m	411125112215
b	411125112251
[	411125112344
X	411125112512
y	411125113544
u	411125114312
a	411125121251
z	411125125111
{	411125125111
Y	411125125112
h	411125125134
k	411125125135
w	411125125251
W	411125125351
e	411125131134
p	411125131211
Z	411125131234
c	411125132124
V	411125133124
\	411125134333
f	411125134454
g	411125135154
_	411125135251
]	411125141121
d	411125141554
j	411125143112
}	411125144512
q	411125144535
ԁ	411125145534
~	411125151251
x	411125152252
|	411125152254
i	411125153154
t	411125153251
v	411125153254
r	411125154251
o	411125155453
T	411211254444
	411213543534
	411252211234
װ	412121413534
	412234251214
	412234253434
	412512341354
z	412512525152
	412514512135
	412514531234
	412515213134
	412521251431
	413123425111
	413215113534
	413241112112
	413251113422
	413251125214
r	413321244334
C	413321511254
@	413325113554
	413411212154
e	413411213521
	413411214544
	413411224553
j	413411251124
	413411251251
	413411251431
Ʀ	413411324251
g	413411353334
d	413411555121
h	413412432511
l	413412511254
	413413123422
f	413413123435
c	413413155414
	413413434121
	413413525134
	413414251234
k	413414325135
	413414412343
z	413415212512
ʹ	413415425112
i	413415434354
	413445113251
	413445433454
o	413511225152
	413511342534
H	413511541535
	413511543554
	413534431234
	413541521234
	413543341135
D	413543543534
	414311251234
ͯ	414312511211
	414312511534
	414312511554
	414312513134
t	414313251113
V	414313333454
s	414314451354
r	414315431134
	414315434354
	414345252251
X	414345252454
	414525114134
	415313412512
	415331341534
[	415331521454
	415334132534
	415351111254
	415412211234
s	415542512152
	425123435451
	425125431234
	425251111344
_	425251212534
	425441312251
	425543341134
	431112431251
s	431113113534
r	431113151534
	431113541541
	431121413534
E	431132355215
v	431134554234
	431224312511
	431234121335
	431234122134
	431234122134
	431234125351
	431234132511
	431234132522
	431234251221
	431234251251
	431234341251
	431234354152
	431234413121
	431253511124
	431253511134
	431253511454
	431325111454
	431353334454
	431554554521
	432524312511
	433412122135
m	433412212511
	433412225134
	433421251112
j	433425111535
u	433425112511
	433425112511
	433425113132
y	433425113533
	433425431252
	433425431415
	433425525251
}	433432411121
	433432511312
{	433433123534
	433434454544
t	433434544544
v	433435113511
k	433435152511
	433435321511
l	433441251521
|	433441323544
n	433441343412
	433441351134
	433441431251
~	433441542511
	433443342154
H	433443343534
	433443344334
z	433443344535
	433443344553
p	433444534121
w	433444534515
s	433444535455
	433451111254
	433451352252
	435152335451
	441111213251
	441111341134
	441111342511
	441121121124
	441121251534
	441121341251
	441122111234
տ	441122111345
	441122125252
	441122134515
	441122151234
	441122245252
	441122341251
	441122451234
	441122513511
	441122543112
	441123411234
	441123425111
	441123425111
	441123432511
	441124552153
	441125123422
	441125125121
	441125221121
	441125431234
p	441131251534
	441132511134
	441132511211
	441132522111
q	441132522134
	441153532511
	441212511134
	441212514544
	441234313251
	441234325111
	441251111344
	441251112134
	441251112343
y	441251113422
	441251113533
	441251122111
ʪ	441251122431
	441251125214
	441251125221
	441251131121
	441251135345
w	441251211534
μ	441251212511
	441251212534
|	441251214121
	441251251115
	441252132522
	441252134334
	441252354112
	441253411534
	441255452511
	441311311112
Y	441312155212
	441312344334
	441312511211
	441321511121
	441321511254
	441322511234
	441325111121
	441325112534
	441325113554
x	441325125214
	441341123454
	441341251122
{	441341251132
	441344311354
	441344511534
	441345325221
o	441352534134
t	441353251214
I	441353425221
	441354111251
	441354131121
	441355425115
	441412234515
	441412512511
s	441412514512
	441412514535
	441413122154
	441413234134
	441413425135
	441414312511
	441414312511
v	441414345252
	441415331521
	441415331525
	441431113121
	441431113554
	441431121134
	441431121354
	441431234531
	441431251122
	441431253511
r	441431325111
	441431554554
	441435554444
	441442312251
	441445125111
	441445341344
	441451251112
	441511112121
	441511541535
	441512115154
	441513154121
}	441515122111
	441515152511
	441521251152
	441521325111
	441521342511
	441523411234
	441535425221
	441542511253
	441543341134
	441543341135
	441544251214
n	441545231234
	441551353334
	441555125121
	442113434345
	442121222534
	442122111345
	442122125112
	442122151234
	442122251112
	442122415325
	442125115315
	442125125121
	442131212511
	442132522111
	442132522134
	442251112134
	442251113422
	442251113533
	442251125221
	442251131121
	442251135345
	442251211234
	442251212534
	442251214544
	442251251115
	442252132522
	442252214153
	442255452511
	442312344334
	442312511354
	442325111121
	442325113554
	442341251122
	442344311354
	442345234354
	442352534134
	442353344544
	442414312511
	442445125111
	442445354251
	442451251112
	442451325122
	442511541535
	442515152511
	442521251152
	442542511253
	442544251214
	442555325341
ҙ	443452511135
	443453121251
	443455213134
	445111225122
	445112213444
{	445112213455
	445125125121
	445132522112
z	445212511134
	445251112134
Ԣ	445251125214
	445251514544
	445325114554
	445341135531
	445341213521
	445342512512
	445342512534
	445343121251
	445343253541
	445345113251
~	445352534134
	445354554544
	445454425112
|	445454425221
	445521311234
}	445521312534
	451222511134
\	451251112454
	451321112111
	451325122454
	451331341234
	451331342511
	451332411121
	451343344334
\	452341132534
a	452341251124
V	452341251431
]	452341311534
W	452341343434
	452341512454
	452342511121
e	452342511211
X	452342512341
Z	452342512511
[	452343251113
	452343414431
ԣ	452343434251
	452344131512
^	452344154325
	452344252511
c	452344325135
ȹ	452345113251
	452412132511
	452412134354
	452412211134
	452412251111
	452425111234
	452425122511
	452425525251
	452432511312
	452434525135
	452435121251
	452435311252
	452441343412
	452443251112
»	452451124134
	452455124134
	452511134252
p	452511413452
	452512134354
л	453251113124
ҥ	453443311252
	454143454153
	454313425221
ǫ	454315112234
Ҕ	454342511135
	454543425221
E	4111251111215
C	4111251111234
ԇ	4111251112154
ԝ	4111251113112
ԟ	4111251121121
Ԋ	4111251121124
ԑ	4111251121251
Ԡ	4111251122111
ԕ	4111251132511
F	4111251134115
Ԝ	4111251134334
\	4111251135534
G	4111251154121
`	4111251212135
Ԙ	4111251251251
D	4111251311234
Ԗ	4111251312135
P	4111251312154
Ԓ	4111251312251
Q	4111251321554
Ԑ	4111251325111
ԍ	4111251331251
ԏ	4111251341121
Ԇ	4111251341251
A	4111251341534
ԅ	4111251345325
Ԏ	4111251351355
Ԅ	4111251352511
ԃ	4111251352511
Ԟ	4111251353452
Ԛ	4111251354251
ԛ	4111251354251
B	4111251354354
Պ	4111251355112
ԉ	4111251413434
ԓ	4111251415334
Ԕ	4111251431112
@	4111251431132
ԙ	4111251431234
ԗ	4111251434242
Ԍ	4111251445315
ԋ	4111251511534
Ԃ	4111251541541
X	4123443124134
	4123541253511
	4125111213534
Y	4125112113534
	4125152135451
`	4125152153534
	4125232411121
	4125251111234
	4125251125111
A	4125251131234
	4131121533134
	4131215425221
B	4131325111354
A	4133545325121
o	4134112111534
	4134112132511
{	4134112155121
	4134112212251
|	4134112212511
q	4134112321235
r	4134112341234
u	4134113425115
	4134113533434
	4134121112111
m	4134125113533
	4134125121132
t	4134125122134
	4134125122511
	4134125152152
	4134125525251
v	4134131125222
	4134131134251
s	4134131234521
	4134131234531
	4134132151134
y	4134132411121
w	4134132511312
n	4134135113511
x	4134135152511
	4134141343412
	4134141533444
E	4134143125152
	4134143251112
̵	4134143344334
p	4134144525151
}	4134154134333
	4134315112234
	4134451325122
{	4135112511252
f	4135113435451
@	4135132511134
~	4135221153535
	4135221153535
~	4135221153552
D	4135221154444
J	4135234451154
Y	4135342511134
P	4135342511234
	4135342534251
	4143111212511
	4143112343312
u	4143121251112
	4143125111252
۵	4143125111252
	4143125113534
	4143125113541
	4143125114544
	4143133112122
	4143135112234
v	4143144525111
	4153312432511
	4153314154325
^	4153342511134
	4153344425135
Ӻ	4155332411121
U	4155441554521
	4225353532511
	4251215425221
	4251225111134
`	4252511541541
	4254315233534
u	4311131555121
v	4311134451135
y	4311134511534
	4311135434354
x	4311213121534
	4311213541154
w	4311214413534
	4311341353334
j	4311343535112
	4311344111251
	4311344511534
A	4312341223235
	4312341251134
	4312342511135
	4312342511211
	4312343443521
z	4312343541525
	4312344511534
	4312345313134
	4312511224444
	4312535111344
	4315233511121
i	4315233511454
N	4315545541554
	4315545544544
	4325121122134
ú	4334122111234
	4334122111345
	4334122125112
	4334122151234
	4334122513511
	4334122543112
	4334125125121
	4334125221121
	4334125431234
	4334131251534
	4334132511134
	4334132522134
	4334134121121
	4334153532511
	4334251112134
	4334251113533
	4334251125221
	4334251131121
	4334251141431
	4334251211534
	4334251212511
	4334251251251
	4334252132522
	4334312344334
	4334312511211
	4334321113554
	4334325111121
	4334344311354
	4334352534134
	4334353251214
	4334412514535
	4334431253511
	4334431353334
	4334433421251
L	4334433445121
	4334433445252
	4334433445512
	4334433445531
	4334445125111
	4334445251251
	4334451251112
	4334451325122
	4334511534454
	4334512115154
	4334521251152
	4334521325111
	4334545231234
	4411112355215
	4411113424134
	4411113431234
E	4411121533134
	4411121554234
	4411122125211
	4411211234534
	4411211254444
	4411212513534
	4411215425221
	4411221115454
	4411221122112
	4411221253434
	4411221344132
Į	4411222511134
	4411224312511
	4411224511214
	4411225111134
	4411234121121
	4411245554234
i	4411251112454
	4411251124124
	4411251212512
	4411251254312
	4411252211234
	4411311534124
	4411311534251
	4411314334534
	4411324111215
Դ	4411332511234
	4411554554121
	4412153154544
	4412231425221
	4412343413534
	4412432511134
^	4412511121121
	4412511121124
	4412511122112
	4412511243135
	4412511541541
	4412512134354
	4412512143112
	4412512511134
	4412513533341
	4412521251431
	4412521353134
	4412534125221
	4413115431234
	4413122113534
	4413143143115
h	4413155414121
	4413223541234
	4413223542511
	4413234125122
	4413241112112
	4413251111344
	4413251113412
	4413251154444
	4413251511252
	4413323542511
	4413351153554
T	4413411234121
	4413434112431
	4413443311252
	4413443321511
Ϫ	4413443554134
	4413445113251
	4413454541541
m	4413541112454
	4413541521234
	4413545325121
	4414122341234
	4414125113534
	4414125125251
t	4414125152152
	4414134343134
	4414134522554
	4414134543534
	4414135112251
	4414143125115
	4414143454153
	4414155425121
	4414311214444
	4414313425221
	4414315112234
	4414315233511
	4414453212134
	4414453433544
	4414453434251
	4414454143112
	4414511353334
	4414525114134
	4414534121251
	4415154151541
	4415221251214
B	4415325413251
	4415344431234
̲	4415432411121
	4415452132534
R	4421121533134
	4421121554234
	4421212511134
	4421213352511
	4421221115454
H	4421222511134
	4421225111134
X	4421251112454
	4421251124124
	4421252211234
	4422511243135
	4422512511134
	4422521251431
C	4422534125221
	4423115431234
V	4423121251454
	4423241112154
	4423443311252
	4423443321511
	4423443554134
	4423445113251
	4423454541541
	4423525111534
	4424134131134
A	4424155425121
	4424315112234
	4424453434251
D	4424525114134
	4425154151541
	4431344111251
	4432511121534
	4434535251211
	4451121311252
	4451122134121
	4451122134515
	4451122134551
į	4451222511134
	4451222511135
	4451225111134
	4451354541541
	4453354433544
	4453411342535
	4453412511534
	4453412544134
B	4453421251112
	4453425111234
A	4453425111535
C	4453425525251
	4453434251333
	4453435321511
@	4453441343412
	4453451352252
	4453454545454
	4453542514544
g	4453545535451
	4454125114554
	4454415114554
	4454543425211
	4454544252212
H	4511542515215
i	4511543511121
	4512212511121
K	4513251221554
	4523411213534
	4523412112124
	4523412132511
k	4523412134354
w	4523412211134
o	4523412523434
v	4523413412512
s	4523413425115
z	4523415112531
q	4523421112111
y	4523421212511
l	4523421531535
	4523425111234
h	4523425111535
m	4523425112511
	4523425113533
	4523432511312
n	4523435121251
i	4523435311252
r	4523443113455
g	4523443344334
	4523451312251
	4523454545454
	4524111253134
C	4524122111234
	4524125125121
	4524125221121
F	4524211352511
	4524212511134
A	4524251112134
@	4524251113533
	4524251125214
D	4524251214544
	4524344311354
E	4524414345252
	4524431253511
	4524431554554
	4524451251112
B	4524521251152
	4524551353334
á	4525112522154
	4541432512251
	4543125112253
	4554154134333
]	41112511132534
[	41112511213521
i	41112511214535
I	41112511214544
j	41112511223235
_	41112511234341
R	41112511245521
c	41112511251124
K	41112511251234
Z	41112511251251
g	41112511311534
U	41112511555121
V	41112512432511
`	41112512511134
^	41112512511135
a	41112513121251
M	41112513121534
S	41112513123422
T	41112513123453
d	41112513155414
f	41112513425135
Y	41112513445251
N	41112513531121
e	41112514111251
h	41112514325135
L	41112514511534
W	41112515114554
H	41112515154544
J	41112515344544
b	41112515425112
O	41112515431134
X	41112515434354
R	41121125444435
@	41122111343312
p	41211121113534
	41223434112431
	41251112343534
	41251252511234
	41251252512154
R	41251252513534
	41251252513554
|	41251252514135
	41251451353334
	41251452512511
	41251521354121
	41312212511121
V	41312212512134
	41312214444454
r	41312341234121
	41312341234354
N	41312341234554
K	41313221545252
F	41315132511134
I	41325112512531
M	41325121122134
	41332124253434
G	41332511353554
	41341111253134
	41341122111345
	41341122341251
	41341125123422
	41341143134121
	41341215315151
	41341251113533
	41341251125221
~	41341312511211
	41341321511254
	41341325113554
	41341325131134
	41341341251122
L	41341352211535
	41341352534134
	41341353251214
	41341414312511
	41341431113121
	41341431234531
	41341451251112
	41341512115154
	41341544251214
B	41343241112154
̗	41343421531535
х	41351251213534
O	41351312132511
ф	41351312343534
f	41351545233534
m	41352211535121
	41354154134333
	41431131251234
{	41431132511211
g	41431134143112
	41431251112333
l	41431251112454
	41431251121153
	41431251135345
	41431251152252
	41431251153251
	41431252132522
y	41431325125214
S	41431353251214
	41431414312511
z	41431513431132
m	41432512251454
R	41432533543211
	41533112211134
	41533113412512
	41533135342511
	41542522145354
	42551221113134
۷	43111243125152
	43111335251211
B	43111344511534
z	43111344534121
G	43113132511134
	43113435251211
	43113455423453
	43123411212511
	43123412111534
	43123412211134
@	43123425111234
	43123432511312
	43123435415252
	43123435415255
	43123435431234
	43123441343412
	43123444511234
	43123451124134
	43123454134333
	43125351113452
Q	43151122341554
Ǹ	43151122343534
	43152335111234
	43152335114544
	43155455435451
	43252343134132
	43252343134252
	43252343134515
	43252343134531
	43252431251152
	43341122125211
	43341212511134
	43341215425221
	43341221122112
	43341251124124
	43342511122112
	43342511243135
	43342511251134
	43342512511134
	43342513414544
	43342534125221
	43343115431234
Ϩ	43343251114544
	43343251154444
	43343443311252
	43343443321511
	43343445113251
	43343541112454
	43343545325121
	43343552335523
	43344125125251
	43344135112251
	43344315112234
s	43344334451234
O	43344334451554
k	43344334452511
	43344334452534
	43344334453112
	43344334454334
	43344453434251
ɿ	43344513541541
	43344525114134
	43345353532511
	43345425112454
n	44111212511134
v	44112121154444
]	44112135213134
W	44112212511121
h	44112212511134
	44112212512134
M	44112212523434
	44112245554234
l	44112251112315
	44112251123234
c	44112341234121
J	44112341234354
	44112341234531
	44112343424134
u	44112511123312
`	44112511214124
	44112512212511
	44112512343134
	44112512343534
a	44112512512515
Ư	44112522111234
_	44113115342511
	44113221545252
w	44113434343434
F	44121253444441
	44121531534312
	44121531535333
f	44124345251121
U	44125112512531
	44125112522154
	44125121122134
	44125121554234
X	44125125115341
	44125125124544
Q	44125213121121
|	44125221323434
	44125221353334
	44125225111535
y	44125232411121
p	44125235113511
~	44125243122431
r	44125244511234
	44125525251454
	44131132411121
g	44131251113533
H	44132231344544
[	44132511351535
^	44132535414544
	44132543123415
S	44133221212134
Y	44133234342134
	44134112342154
s	44134112343134
	44134144313134
e	44134432511135
O	44135251214444
	44135251353334
	44135312132511
	44135313412512
T	44135445411234
G	44141112513112
L	44141342513534
o	44141351124134
K	44141351125112
	44141352211535
	44141431251112
@	44141431251135
I	44141431331121
	44141432512251
C	44141432534251
	44141533152134
	44143112145534
b	44143113424134
	44143252343134
A	44144511352154
	44144512512134
P	44144521123454
j	44144534121121
	44144534154121
D	44144545434252
	44145132515215
	44151221113134
	44151312132511
©	44151312524444
q	44151512111534
V	44152354131121
d	44154154132511
x	44154154134333
	44154251124544
B	44154545434333
Ϋ	44155132411121
R	44155525111234
[	44212212511121
`	44212212523434
M	44212511123312
_	44212511214124
F	44212512212511
Y	44212512512515
a	44212512554121
G	44212522111234
i	44213211234534
S	44213434343434
t	44221531522431
r	44224345251121
f	44225112512531
	44225112522154
I	44225125115341
N	44225232411121
^	44231251113533
Q	44231251121153
m	44232535414544
y	44235445411234
	44241351124134
	44241351125112
P	44241431251112
g	44243113425111
	44252131212511
b	44254154132511
l	44254154134333
K	44254545434333
T	44255212511134
կ	44511221341234
	44511221342534
	44511221343112
	44512225111354
e	44512332511134
	44513251113453
	44525112512531
E	44534111253134
	44534341251122
	44534414312511
	44534431234531
D	44534441121121
	44535445411234
	44545434251214
	44545442522112
	44552131251251
f	44552132511134
	44552134111251
	44552135114554
	44554154134333
	44555212511134
	45125111253254
̷	45125221251112
D	45131534511112
	45133134511112
	45133134554234
	45153515352511
р	45234111253134
с	45234122151234
	45234122341251
ъ	45234125115315
ч	45234125125121
	45234211352511
|	45234251112134
ю	45234251125221
	45234251135345
у	45234252132522
~	45234312511211
}	45234312511354
j	45234321155212
	45234322511234
ш	45234341251122
ц	45234344311354
{	45234414345252
і	45234431113121
	45234431234531
э	45234443251112
т	45234451251112
	45234451325122
	45234511534454
ы	45234521251152
щ	45234551353334
M	45241211254444
G	45241225111134
O	45241251124124
N	45242511541541
I	45242512134354
L	45243321531535
J	45244125125251
K	45244135112251
	45244311214444
	45251115132125
	45321511354444
	45324111214444
	45425125431234
	45431224312511
	45545232534251
Ո	411125111212511
Օ	411125111213534
T	411125112132511
Ճ	411125112211134
Ռ	411125112211154
Ջ	411125112212511
Z	411125112213251
Հ	411125112341234
Չ	411125112511234
v	411125113434234
Վ	411125113533434
m	411125115112134
Ր	411125115341534
u	411125121112111
Ց	411125121123454
Ւ	411125121531535
n	411125125111234
k	411125125112511
w	411125125342511
s	411125125431415
ՠ	411125125525251
Յ	411125131212211
Ն	411125131234531
՘	411125132151134
y	411125132151135
l	411125132411121
|	411125132511312
q	411125134132511
Ք	411125134454544
{	411125135121251
Փ	411125135125122
Ֆ	411125135152511
~	411125135321511
Շ	411125135431234
Տ	411125141251234
Ձ	411125141251521
r	411125141343412
E	411125143122431
Մ	411125143344334
p	411125144511234
՗	411125144512134
x	411125144525111
o	411125151352252
t	411125151541554
}	411125154545454
k	411211251324544
B	411234123411234
΅	412354124251214
X	412512525131234
}	412512525151335
	412515213134121
	412515213544444
A	412522112143112
	412525112511153
	413111253554234
N	413121251431124
P	413122111343312
R	413122511123511
	413123412343112
Ħ	413123412343112
	413123412343115
W	413125111225135
	413225112343534
S	413243252513134
	413251121134121
ё	413251135543534
T	413311222214444
Q	413341124313534
	413411112534544
	413411222511134
	413411225111134
	413411343434121
	413412522123344
	413413251113435
	413413251114544
	413413354143554
	413413445113251
	413413545325121
	413414134342511
	413414315233534
E	413415234451154
̱	413415432411121
	413421112111132
	413431511223422
j	413432511154444
Y	413432511154444
N	413434132511134
n	413434251135451
s	413511342511134
	413522115354444
c	413522154544354
@	413534344511534
U	413543345153554
	414125251111234
C	414125251131234
^	414312512515215
	414313333132534
	414313533343554
S	414325122511554
	414325122513234
Y	414325122513534
{	415251214251214
h	415332511154444
W	415334132511134
{	431113131251534
	431113251135345
	431113252134334
|	431113341251122
}	431121444411134
Z	431132132511134
C	431134344511534
j	431134521251152
B	431234122111345
	431234122513511
[	431234132511134
H	431234132511211
E	431234132522111
C	431234251113533
	431234325131134
F	431234345234354
	431234354152454
	431234354242511
G	431234431251122
	431234431554554
D	431234451325122
	431234521342511
N	431234544251214
	431234545231234
	431251122541541
	431253511124454
	431325111454124
	431325111454251
o	431342522135451
	431511223435451
	432523431341344
	432523431342511
	432523431343112
	432523431344544
	433412212511134
	433412212512134
	433412512512515
	433412512554121
	433412522111234
	433423432411121
	433425112512531
	433425112522154
	433425121122134
	433425225111535
	433425232411121
	433431234354354
	433432535414544
	433441312214444
	433441352211535
	433441432534251
@	433443342511135
	433443344511214
H	433443344511234
	433445132515215
	433454154132511
	433454154134333
	433454154141431
	441111253554234
	441112111215215
Ǳ	441113411342511
	441121121121135
	441121132511134
	441121222511134
	441121251431124
	441121251431333
	441121431112454
	441121451251431
	441122111343312
	441122125113134
	441122155125121
	441122251125214
	441122353344544
	441122511123511
	441123412341234
	441123412342511
	441123412342511
	441125112144544
̶	441125221251112
	441125221431234
	441134432511234
	441145244441154
	441153515352511
	441212121212121
	441234335251211
	441251112132511
	441251115132125
	441251122111534
	441251125111121
	441251125111234
	441251125112511
	441251125114134
	441251141251234
	441251212511134
	441251251251112
	441251251251252
	441252111213134
	441254312114444
	441255212511521
	441311222214444
	441311342512511
	441312342432511
	441312343424134
	441313434112431
	441314314511112
	441321511154444
	441321511354444
	441324111211234
	441324111214444
	441325113121251
	441325221323334
	441325431234134
	441332312511354
	441341251541541
	441343123425121
	441344335554444
	441352512112511
	441412515213134
	441414312511211
	441415425113134
	441415432511214
	441425125431234
	441431134554234
	441431224312511
	441431234354152
	441431253511124
	441431353334454
	441432524312511
	441433443344553
	441445454425112
	441511121251124
	441511121251211
z	441513241343112
	441513521521521
\	441515251251214
	441515515122134
	441543341251431
	441543345153554
	441545232534251
	442121121121135
	442121222511134
	442121251431251
u	442121251431333
	442122312511211
	442122353344544
}	442125112144544
	442125221251112
	442125221431234
	442131212511121
	442134432511234
	442153515352511
	442251125113511
	442251125114134
	442251141251234
|	442251212511134
	442251251251112
	442311222214444
x	442313425125251
	442314314125234
	442324111212525
	442324111214444
	442325431234134
	442343123425121
	442412512341354
	442412515213134
	442414312511211
z	442431234354152
	442432524312511
	442433443344553
	442511121251124
~	442543341251431
	442545232534251
z	445112342511134
A	445125111541541
	445125112144544
	445125121341534
	445134432511234
	445321511354444
	445324111212525
K	445341225111134
	445343123425121
I	445343223541234
F	445343251113515
	445343354433544
H	445343443311252
G	445344311214444
J	445344312344412
	445344335554444
	445354251132534
	445531122125112
O	445531132511134
	451222511134252
	451225431121344
	451325122541541
U	451332511154444
ѐ	452341122125211
ѓ	452341212513534
ў	452341251112454
	452341311534124
	452342231425221
K	452342511122112
я	452342511541541
}	452342512112534
	452343321531535
ћ	452344131221252
ѝ	452344131251112
џ	452344134522554
ђ	452344453434251
є	452345425113535
ј	452345454541234
Q	452412211134121
T	452425121122134
P	452425221541541
Ǵ	452512125151454
	453241112135451
	453513344111251
c	453532511154444
\	4111251122111234
R	4111251122111345
Y	4111251122125112
ՙ	4111251122151234
e	4111251122415325
Q	4111251122543112
D	4111251125125121
N	4111251125221121
G	4111251125431234
P	4111251131251534
C	4111251153532511
o	4111251215315151
՜	4111251251112134
U	4111251251113533
[	4111251251122111
_	4111251251131121
]	4111251251135345
^	4111251251212511
L	4111251251214544
@	4111251251251115
K	4111251252132522
A	4111251312511211
j	4111251321511254
W	4111251325111121
d	4111251325113554
I	4111251341251122
՞	4111251341525221
X	4111251344311354
S	4111251353251214
F	4111251412514512
J	4111251413534251
O	4111251414312511
V	4111251414313333
B	4111251414345252
i	4111251431234454
՝	4111251445125111
՟	4111251451251112
՛	4111251451325122
M	4111251521251152
՚	4111251521342511
љ	4112112544443534
{	4112112544444544
	4125152131343112
	4125152131344544
	4125152143251112
ќ	4125221241343534
߁	4125251125111454
	4131221251213452
	4131221444435451
ĥ	4131234123413251
`	4131234123431234
D	4131251255154444
Z	4131343421252511
|	4133232411121251
X	4133412524312511
	4133525112533112
S	4134112121542534
	4134112212511121
	4134112212512134
	4134112512343134
	4134112512343534
	4134112522111234
	4134113434344544
	4134125112512531
	4134125121554234
	4134125251111234
[	4134125251131234
	4134125342534531
	4134133234342134
	4134134112431354
	4134135445411234
	4134141431251112
	4134141533131134
	4134151312524444
	4134151512111534
	4134152354131121
	4134152355114544
ȳ	4134153251253434
	4134154154134333
	4134154545434333
Π	4134251214251134
Ν	4134251214251214
	4134425125431234
J	4135125112343534
Y	4135132514143112
	4135221153525111
	4135221153531234
	4135221153535515
	4135221153541121
	4135322345452134
H	4143112342511135
|	4143112511214124
	4143113434143112
	4143113454143112
l	4143113534143112
k	4143113534143112
	4143125111515111
	4143125112113115
	4143125113534531
	4143125113541112
t	4143132511154444
	4143253354321122
	4152513511531354
o	4153313534253434
	4153343123425121
	4153414312511534
	4155332411121121
a	4252522112513534
	4311124312513134
`	4311124312513534
~	4311131332511234
	4311213123415534
	4311341211254444
L	4312341221325112
U	4312341222511134
P	4312341225213121
J	4312341251124124
	4312343121251454
	4312343251111344
V	4312343541521554
	4312343541523312
	4312344135112251
	4312344311214444
O	4312344451353334
I	4312345132432511
K	4312345154151541
Ƴ	4325234313425111
	4325243125111554
B	4325243125113533
	4334121121121135
	4334121222511134
	4334121251431251
[	4334121431112454
	4334122111343312
M	4334122251125214
Q	4334122353344544
	4334125221251112
	4334134432511234
	4334153515352511
	4334251112211154
A	4334251125113511
B	4334251125114134
F	4334251125114544
G	4334251141251234
	4334251251251112
	4334313425125251
	4334324111214444
	4334325431234134
	4334341251541541
	4334343123425121
ȼ	4334354413444444
	4334412515213134
	4334414312511211
	4334414312511534
	4334431234354152
	4334431253511124
	4334431353334454
	4334432524312511
	4334433443341234
_	4334433443343534
D	4334433443344334
Ξ	4334433445251214
I	4334433445251251
	4334433445311252
њ	4334433445413534
	4334433445534544
M	4334433445554234
@	4334511121251124
	4334543341251431
	4334545232534251
	4411121112145434
G	4411221215425221
	4411222511134252
C	4411223241112154
P	4411223445113251
	4411224511353334
	4411225111234112
	4411234123411234
	4411234123452134
	4411234341252511
	4411251234352534
	4411312515344544
	4411452444434454
	4412121131233534
	4412121233132534
	4412135454431234
	4412153151353334
	4412153152511134
	4412243143111234
	4412434525125121
	4412511132411121
C	4412511135334334
	4412511251211511
	4412511252214153
º	4412512121354251
	4412512211251431
	4412512211311534
	4412512512511234
	4412522112132511
	4412522112143112
	4412522112513534
	4412522135251214
	4413143141234341
\	4413143145115452
	4413251141533134
	4413412512513434
	4413412524312511
	4413513344111251
	4413535112533112
	4414125251125111
	4414125251131234
	4414134315112234
	4414135342511134
	4414143112343312
	4414143125114544
	4414143135112234
	4414155332411121
B	4414315545544544
	4414455114525254
	4415112321155212
	4415131221343554
	4415132514143112
	4415325434112431
	4415452132511134
	4421221251112153
	4421222522145354
	4421224511353334
	4421234123452134
	4421234341252511
	4421251234352534
	4421312515344544
	4422153151353334
	4422511251211511
	4422512211311534
	4422512512511234
	4422522112143112
	4422522112513534
	4423211152511134
	4423251141533134
	4423412512513434
	4423412524312511
	4423443454544354
	4423513344111251
и	4423535112533112
	4424125221413534
	4424125251111234
	4424125251125111
	4424125251131234
	4424143125114544
	4431351221113134
	4432512112511344
	4434512212512134
	4434532511154444
	4451112252214544
	4451122134413534
	4452522112513534
Q	4453411342511135
N	4453412211135352
M	4453425112512531
L	4453432511154444
	4453432511154444
R	4453432535414544
O	4453434312344544
T	4453435311343534
P	4453452131251251
	4453452354131121
S	4453455525111234
	4453532511154444
H	4523411212511134
A	4523412134121354
Z	4523412212523434
G	4523412512212511
F	4523412522111234
|	4523425112511134
@	4523425112512531
Ѡ	4523433221212134
V	4523435251353334
X	4523443252343134
	4523454154132511
I	4523454545434333
	4524121251431251
V	4524125221251112
U	4524251251251112
X	4524431353334454
S	4524554554134534
p	4543432511154444
G	4544454445441234
֓	41112511121533134
v	41112511122125211
֜	41112511221122112
փ	41112511222511134
n	41112511225111134
֋	41112511251112454
g	41112511251212512
w	41112511332511234
q	41112512512134354
}	41112513241112154
x	41112513251113124
p	41112513321531535
|	41112513443311252
z	41112513443321511
l	41112513443554134
m	41112513445113251
f	41112513541521234
{	41112513544311252
a	41112513552335523
y	41112514125125251
ւ	41112514134522554
r	41112514143454153
u	41112514313425221
t	41112514315112234
	41112514334433454
b	41112514513541541
k	41112514543425221
s	41112515134143112
E	41121252212511134
C	41121341213543534
F	41223432511154444
n	41234431241253511
	41251234135435451
	41251251112213534
	41252511251113115
O	41312341234251251
	41312341234431234
	41312341234554234
	41325112113412152
	41332324111212511
	41332324111214544
K	41332511312251214
	41341112141341121
F	41341121551214544
@	41341122155125121
O	41341122251125214
	41341134432511234
G	41341251125112511
B	41341251125113511
D	41341251251251112
	41341251251251252
	41341324111214444
	41341332312511354
A	41341433443344553
C	41341543345153554
x	41343412132511134
	41343432511154444
	41352211535431234
	41431135514143112
	41431251112225134
	41431431253511124
}	41431432524312511
~	41431543341251431
I	41434541532511135
Ӯ	41525135112534354
	41533112522111234
Y	41553324111211554
	43111332511154444
~	43111335251214444
d	43113232511154444
a	43113435251214444
	43123412512212511
Q	43123424345251121
S	43123425121122134
	43123441351124134
	43123441352211535
T	43123441431251135
R	43123454545434333
	43132511112511534
	43252343134135435
h	43252343134251214
U	43341452444434454
N	43342135454431234
Y	43342511532514444
\	43342512211311534
	43342512512511234
J	43342522112143112
T	43342522135251214
S	43343215111213554
P	43343251141533134
Z	43343412524312511
V	43343443454544354
]	43344125251111234
L	43344125251131234
R	43344134315112234
W	43344143125114544
O	43344311213121534
t	43344334132511134
k	43344334451253511
L	43344334452511135
h	43344334454111251
	43345112321155212
X	43345353532511134
s	44111212511355112
D	44111212511355215
	44112132511154444
J	44112145312343554
	44112151211251124
	44112211134554234
	44112212534344544
	44112213434112431
f	44112225221134534
	44112251112344412
	44112511123312121
	44112511123312531
E	44112512531425221
W	44113122251125214
	44113425234343434
	44114524444132522
F	44121451343425111
A	44122431431121124
T	44125111353311214
U	44125111353325221
Q	44125112114444121
N	44125112511312251
	44125115545544444
	44131213534112431
	44132224314311134
	44132511125121132
@	44134431215114544
	44135444512512134
	44141251451353334
_	44141312212512134
	44141432533543211
Y	44143111344511534
	44143344334451234
L	44143344334452534
	44143344334454334
I	44144512332511134
	44144545442522112
M	44144552132511134
	44151121444425221
v	44152131212511454
S	44152251212511134
	44153453421212121
	44154154132411121
	44154154141343412
H	44155444432411121
	44212125145154121
	44212132341213234
	44212151211251124
	44212225221134534
	44212452512152134
	44212512531425221
	44213251125111344
ų	44214524444132522
	44234431215114544
	44235311345452134
	44241312212512134
	44241312341234354
	44241432533543211
	44243111344511534
	44244545442522112
	44511122513434251
ِ	44511221342511134
	44511221342512134
	44511221344111251
r	44512134132511134
U	44534121112343534
V	44534121212511135
Y	44534121251125115
X	44534134432511234
W	44534311531153115
	44534431353334454
	44535311345452134
	44552133251111234
	44553132511154444
v	45132511132511134
Y	45234121121121135
D	45234125221134515
Q	45234125234125234
L	45234224314311134
P	45234251112211154
M	45234251125112511
O	45234251125113511
R	45234251251251112
S	45234324111211234
\	45234325431234134
T	45234343123425121
[	45234425125431234
`	45234431353334454
W	45234511121251124
	45234515251251214
N	45234515515122134
U	45234543345153554
Y	45242512211251431
Z	45242512211311534
W	45243412524312511
K	45251141342511135
։	411125111212511134
֔	411125112212511121
֎	411125112512512515
ր	411125112522111234
A	411125113412132511
~	411125114524444115
֞	411125121531522431
֊	411125121531525111
֗	411125121531534312
֌	411125125112512531
֙	411125125112522154
֖	411125131234354354
ց	411125132535414544
֑	411125141312214444
ֆ	411125141432512251
օ	411125141432534251
ֈ	411125143125112253
	411125143344334354
֛	411125151221113134
֐	411125154154132511
և	411125154154134333
֍	411125154545434333
֏	411125155212511134
~	412512525125113132
r	412525112511135451
	412525112511153254
	413122125121344544
ӥ	413323241112135451
\	413351154154134333
	413411251234352534
N	413411452444425121
J	413412512211311534
H	413412522112513534
X	413413143145115452
P	413413215115445445
L	413413322521353134
	413413333132511134
K	413413412511224544
I	413413412524312511
Q	413413513344111251
S	413414125251111234
R	413414125251131234
	413414143125114544
M	413414155332411121
	413415131221343554
	413415132514143112
	413425121432151134
s	413434123432411121
x	413452255432411121
	413522115351311534
	413522115352511134
	413522115354134251
	413522115354154325
	413522115355113251
	414311251152254312
n	414311341344143112
	414312511325111121
	414313333132511134
S	414325335432112342
T	414325335432113432
	415331343123425121
	415331431353334454
	431112431113431112
	431113121222511134
	431113343123425121
	431113435251214444
b	431122232511154444
Y	431234121251431251
W	431234122125113134
X	431234132522132522
V	431234153515352511
Z	431234251112511211
L	431234354152541541
	431234515251251214
K	431234554234132534
	432511125131221534
	432523431342512134
	432523431342515215
e	433412132341213234
b	433412151211251124
f	433412512531425221
i	433413122251125214
^	433414524444132522
{	433425111221122112
`	433431254312114444
_	433441251252511234
p	433441312212512134
h	433443344334451234
	433443344512341234
v	433443344534112431
a	433451121444425221
d	433454154132411121
Y	435152332511154444
U	441113411342511134
h	441121211121111534
^	441121252212511134
k	441121451312343554
	441122125234344544
	441132215452524544
X	441132511454544354
i	441134342341252511
z	441135333412132511
V	441215315251214544
	441234335251214444
	441251112213424134
R	441251113415341534
[	441251113425113533
w	441251212511134454
T	441325115545541234
j	441332252111213134
b	441335414355425221
Z	441352512144442511
g	441354533411243122
e	441413251121134121
d	441413522115354444
	441415432534112431
]	441433443344511214
a	441445321511354444
c	441445343123425121
`	441541541451251112
	442111211125114544
	442121211121111534
	442122252214525111
	442132511454544354
	442251112213424134
	442331233122511134
	442354533411243122
J	445113532511154444
Z	445343215115445445
\	445343251113251251
[	445343251141533134
~	445354251132511134
	451221251211354444
	451251112132511134
	452341234123411234
d	452342434525125121
a	452342512211311534
_	452342512512511234
]	452342522112143112
e	452342522135251214
c	452343412512513434
^	452343412524312511
b	452343513344111251
f	452344125251125111
\	452412151211251124
]	452413122251125214
[	452413425234343434
B	454445444544554234
U	4111251113411342511
D	4111251121121121135
@	4111251121251431251
c	4111251122251135345
֚	4111251122511123511
M	4111251125112144544
T	4111251125221251112
P	4111251153515352511
E	4111251251125113511
֝	4111251251251251112
O	4111251311222214444
K	4111251313425125251
Q	4111251314314341251
S	4111251324111214444
L	4111251343123425121
F	4111251344335554444
B	4111251412515213134
R	4111251414312511534
V	4111251431224312511
J	4111251431253511124
\	4111251431353334454
֟	4111251432524312511
y	4111251433443344334
N	4111251515515122134
C	4111251543341251431
H	4111251545232534251
	4111251554444554444
I	4111251554554134534
A	4125123413542512134
~	4125123432511154444
	4125125111221353453
	4125152132511154444
	4125251125111132534
P	4131234123412211154
	4131234123421112111
]	4132153152512125221
w	4132354432511154444
^	4133123411212511134
ٚ	4134112121542511134
T	4134132511134125122
Ѣ	4134135251211431112
V	4134135311345452134
U	4134141432533543112
W	4134143111344511534
	4135113432511154444
	4135221153512211134
	4135221153525312341
	4135221153532151135
	4135221153534112431
	4135221153535424251
	4135221153541251234
	4143113335444143112
	4143125112512511134
	4143125113541112454
	4143253354211121111
U	4143253354321125221
	4152513511251214354
	4152513511431112354
	4153313211152511134
	4153313412524312511
	4153314125251125111
	4155332411121311252
	4311133412512513434
	4311134125251125111
	4311214444431121134
	4312341344132511134
^	4312342522112132511
]	4312342522112513534
[	4312343412524312511
_	4312343444445234354
v	4325234313434112431
	4325234313435251211
u	4334122324111214444
l	4334215315251214544
	4334251112213424134
j	4334254312114444121
q	4334325115545541234
n	4334413522115354444
	4334433432511154444
r	4334445134432511234
m	4334555253415445445
	4411214515542343554
	4411224135221154444
	4411225111234541541
t	4411225112321155212
	4411251112341251122
	4411251234132511134
|	4411251234352511134
q	4411251254312251214
r	4411331234312342121
	4411452444412341234
m	4411452444432411121
l	4412121233132511134
	4412135454211121111
o	4412153152512125221
K	4413121353121352511
}	4413123435132511134
x	4414125221241343534
p	4414143112342511135
	4414152513511531354
	4414334433445251251
u	4414334433445554234
n	4414451112252214544
y	4415415414125125251
	4421251234352511134
	4422113525121122134
	4424125221241343534
	4451121352342511134
	4451123432511154444
y	4453412132511154444
t	4453545532511154444
	4454143112342511135
p	4513251132511154444
]	4513251221211254444
m	4523412225221134534
h	4523412512531425221
j	4523413425234343434
	4523414524444132522
k	4523422431431121124
i	4523432224314311134
g	4523432511125121132
	4534341211121111534
o	41112511223241112154
[	41112512434525125121
W	41112512511251211511
l	41112512512125151454
a	41112512512211311534
Y	41112512512512511234
g	41112512522112143112
X	41112512522112513534
e	41112513215111213554
^	41112513251141533134
]	41112513412512513434
f	41112513412524312511
d	41112513513344111251
Z	41112514125251125111
j	41112514134112213534
`	41112514134315112234
b	41112514143125114544
h	41112514311213121534
	41251521251251251112
	41251521313434112431
a	41312211113252214544
Q	41312341234312342511
ħ	41312341234325113554
_	41325111342511134531
G	41332324111214111251
`	41335251214444431112
Z	41341254312114444121
Y	41341332252111213134
	41341431251121515111
	41352211535131251534
	41352211535312342511
	41352211535512115154
	41352211535515122111
p	41431135542344143112
	41431251112354152354
	41431251121515111121
	41431251121515111132
	41431251132511154444
	41431251354143125135
	41431353334132511134
	41434525232511154444
A	41525135112511134354
i	43111241112514111251
	43111314524444132522
`	43123412512531425221
c	43123413122251125214
Ŵ	43123414524444132522
a	43123425125112141241
]	43155455432511154444
\	43155455432511154444
s	43341331234312342121
|	43342135454344511534
t	43342153152512125221
w	43342511251135321511
o	43343125431211534444
x	43344311213123415534
	44112125121122134534
	44112212512531425221
	44112225125132411121
	44112511123312122111
	44112512531251251251
	44114524444123425111
	44125111342511134531
	44125112511125431234
	44125112511325112534
	44125221134334433422
	44131554143134554234
	44134125125125125122
	44134125125134343134
	44134341211121111534
	44134432522151154124
	44135251153535251354
	44141251251112213534
{	44141431251121515111
	44143123425121122134
	44144511221342512134
	44151513425234343434
	44154154125121122134
	44212225125132411121
	44234341211121111534
	44241251251112213534
	44511213112522511134
q	44511221341211254444
]	44534121252212511134
	44534134432511154444
	44541431251121515111
A	45125111232511154444
@	45132512232511154444
n	45234113251113251134
p	45234121251132511134
l	45234121252212511134
q	45234251112213424134
o	45234252215425113535
p	411125112151211251124
k	411125114524444132522
m	411125122431431121124
z	411125135253425111354
r	411125135311345452134
n	411125141112514111251
q	411125141251451353334
y	411125141432512251454
֠	411125153453421212121
i	411125155444455444412
K	412512525132511154444
	413123412342111211122
	413411225111134132534
]	413411251234352511134
[	413411331234312342121
\	413411452444432411121
^	413413123411212511134
a	413415234431215114544
	413425112511125431234
W	413434251132511154444
S	413511225132511154444
	413522115351252211234
	413522115353251113124
b	413555251521532411121
q	414311341112514143112
C	414312511121212511134
	414312511123541212534
	414312511215151111134
V	414325335432112511134
I	415251351125111234354
	431113413522154544354
j	431134212134341343452
h	431234554234132511134
@	431253511251214251214
	431325111212151534354
^	431342522132511154444
Y	431511223432511154444
	433412225125132411121
	433425112511125431234
~	433434125125125125122
	433434432522151154124
}	433441251251112213534
z	433441431251121515111
n	433443344334353251214
L	433443344532511154444
	441111221112521251431
	441122111122111122111
	441153515351251254312
	441224314311212211154
	441251112511132411121
	441251125114315233534
	441251141251234132534
	441251212512125121121
	441413452255432411121
	441413522115444412154
	441433443344534112431
	441555251521532411121
	442122111122111122111
	442251112511132411121
	445111221112521251431
T	445111225132511154444
N	445112213432511154444
^	445341212511251211511
	451332411121132511134
s	452341251234352511134
r	452344143112342511135
t	452344143125111515111
^	452434125125125125122
	452441251251112213534
Q	453241112132511154444
w	4111251111211125114544
{	4111251113411342511134
x	4111251121252212511134
ׂ	4111251251212511134454
|	4111251251212512125121
v	4111251431251122541541
}	4111251445343123425121
a	4111251554444554444134
n	4111251554444554444252
	4111251554444554444515
\	4111251554444554444521
D	4111251554444554444531
ȿ	4125125111221353433544
	4125125251433443344553
	4125251125111132511134
p	4131221444432511154444
c	4131254125441352211535
	4132112512515114525111
`	4134125111342511134531
_	4134135251214444431112
x	4135112511232511154444
	4135221153541431251112
	4143125111223241112154
	4143125112151511111234
a	4143125112151511113251
	4143125113541431251135
|	4153313113432511154444
	4155332411121344511534
	4325234313432511154444
M	4325234313435251214444
	4334122251125214251214
	4334224314311212211154
	4334251112511132411121
	4334251214251214251214
	4411221251113432411121
	4411254125441352211535
	4412512144125251125111
	4412512211251431355215
	4413121353121352511134
	4414131234123421112111
	4424131234123421112111
\	4453431234251212511135
`	4453434312342125342554
_	4453441431251121515111
y	4523412125121122134534
w	4523425112511125431234
z	4523432111525111343112
v	4523434341211121111534
_	4524251112134132511134
ׅ	41112511221251211354444
׆	41112511225125112512511
ׁ	41112511331234312342121
׀	41112512511251135321511
׍	41112515234431215114544
	41112515544445544441234
	41112515544445544442511
	41112515544445544442534
	41112515544445544443112
׃	41112515544445544443134
	41112515544445544444544
	41251234135432511154444
	41251252512512512511234
R	41312341234121222511134
	41312341234211121114444
K	41332511312251214251214
	41341251112511132411121
b	41341555251521532411121
	41352211535431234354152
F	41431251115151121251214
@	41431251121515111122111
	41431251121515111122134
u	41431251121515111413534
W	41432533543211211121111
	41525135111211254444354
	43125351112432511154444
	43134252212522135251214
	44112225112511125431234
}	44112511123312325113554
	44124345251254312114444
	44125112511251251251112
	44132113434511452511135
	44141525135112511134354
	44224345251254312114444
	44225111251113241112154
	44512332511134132511134
x	45234122111122111122111
~	45234122121341213541154
}	45234122252554444251214
`	45243121353121352511134
a	45244312341344132511134
	45251141342511251211511
ג	411125112225125132411121
׎	411125125112511125431234
׊	411125134125125125125122
׏	411125134341211121111534
׋	411125135251153535251354
׌	411125141251251112213534
	411125155444455444425111
D	412525112511132511154444
	413323241112132511154444
c	413411221251113432411121
d	413411225111134132511134
	413432112512515114525111
	413522115351251211251211
M	414312511123541212511134
ׄ	414312511215151114111251
	414312511454432511154444
	415251351132511154444354
	431113121212134341343452
	432523431342511251211511
	433412225112511125431234
	433424345251254312114444
	441125125314252212511135
	441145244441221251123511
	441251141251234132511134
	441344355413432511154444
	441513241342522135251214
	452341234343412341343112
|	452341254125441352211535
{	452343121353121352511134
ב	4111251122111122111122111
ה	4111251122121341213541154
א	4111251252324111212534251
U	4111251554444554444251214
L	4111251554444554444253434
d	4131221111121122522114544
	4135221153541432533541132
	4143125111212125111344544
	4143125111235412125344544
	4334125125314252212511135
C	4334433441252511132511134
	4334513241342522135251214
	4411251245251251112213534
	4413211552121212514311254
	4414111251554444554444515
H	4454544252211232511154444
Ҁ	4523412225112511125431234
ז	41112512512511351221113134
ד	41112513121353121352511134
e	41341251212512125121554234
h	43123412225112511125431234
	44125115545544444132511134
	44125122112514311215425221
	44141112515544445544441234
ח	411125121531512512543121344
ו	411125124345251254312114444
	411125155444455444434112431
T	414312511151511132511154444
G	414312511215151111211254444
	441111221112521251431355215
	441414312511123541212511134
f	4134141112515544445544443112
	4135221153514524444251251251
	4143125111235412125111344544
	4334145244442512512511234341
ט	41112511212522125111344111251
[	411125155444455444432511154444
g	413414111251554444554444253434
	413522115352512511351221113134
	4411112211125212514311215425221
	44112343112521234453444445235333
	413522115354135221153541352211535
	433412343112521234453444445215333
	4143125112151511141431251121515111
	414312511215151114143125112151511141431251121515111
	414312511215151114143125112151511141431251121515111